00000129129992221129292100000192910000011299100000
11101292129423992292339101221113221111129233200011
19101921011102949211193211991001911911921119100129
11101110000001121100112911232102333222231111101292
01110011100000000000001111129212992911929100001921
01910019101221000111000001921292222111121100001110
01110122112991011291111001110111000000000001110000
00000191019322239211192101121100000000000001910000
00000111023311993100129101939200000000000001110000
00000000019911392000022201139310111000000000000011
00111000023310111000019100012910193221100000000019
00191000129100111000011111101110129929100000000022
00111000192101291000000019211000012232200000000019
00000000111112921000000011291000000019101110000011
00000001110192110111000000111000011222212910111000
00000002920111122291011100000000019292292110191000
12210002920001299211019100000000011212932223321000
19910001110002943210011100000000000001129299931111
12210000000002921910000000011101121212121224991191
00011100112111111110000000019101939392910001221111
11019100192910000000111000011101294943110000000011
91011100112221001110191000000000224992000000111019
22000001110191012921222100000000192494110000191011
91000001910122229229119111100000111394910000111000
11000001110019293221111119100000000294210000000000
00111000001121213920111011111100000129210000000000
11191011101910002920191000019321000012921100000000
91111019101122211221111000012991000001129100111000
12110011100019910293100000001233210000011100192100
12910000001122210299100000111019910000001222349210
92110000001910000122100000191012210000001992993910
11000000001110000111000000112110000000001222222110
01110122100000000292111000001910000000000000000000
01910199101110000292191000001110000111000000011100
01110122212910000112221000111111000192110011119100
00011111292110000112910111191191111113920019111100
00019119321000111192110191111111191002920122100000
00011112910000191111123332222211123211221191011100
11100001122210111111199929299291019910191111019100
19100000139910001291123221222212122210111011111111
11100000199321101921000111000001921001110019100029
00000000234229101110000191000012492001910011100029
22111101292921101121112321001129393101110001111121
99119101922110012929119910001921229100000012911910
22111101110011119222222210001110011111100019211121
00000000000019111212921000000000000019100011100019
00000000000011100192392000000000001121100000001121
00000000000011100111292001110000002920000011101910
00000000000019210000223112920111002921110019101110
00000000000012910000192912920191001111910011100000
